start=6203.405542
pause=yes
volume=94.000000
