start=4865.583333
volume=90.000000
