start=3530.760000
volume=90.000000
